,0,1,2,3,4,5,6,7,8,9,10,11,12,13,14,15,16,17,18,19
0,30.065108010452025,1.764567340442352,3.87371368307623,-0.0012889547901059025,53.08376745028916,0.786071106392692,2.211887141811139,-6.630802850284326e-05,0.33093747655603906,2.9583433676636894,1.113019850078409,-2.904244708816268,0.017758064336924145,2.2260482790403078,-0.019366402537909062,1.113019850078409,0.9353185457841732,0.032333918678728826,0.5002270113424635,0.1783403734572354
1,1.764567340442352,0.7943869585488983,-0.029075557579824288,-0.00010562570438844522,-0.6767336431322437,-0.0410708600101638,-0.22195857848911146,7.781503272894326e-07,0.09819344441175411,-0.3144136866327859,-0.10893528223310958,-0.3317383260299556,0.0047701666406779145,-0.21787136402903082,0.0013117264214443421,-0.10893528223310958,-0.07128177824819389,0.005619566223807377,-0.03320164037808915,-0.014941512627002954
2,3.87371368307623,-0.029075557579824288,2.0512814582482566,-6.395257278738899e-05,7.335333269063554,0.5372495870076477,0.20592373318948654,-1.7585497343368557e-05,-0.007722894550040632,0.11209101186005142,0.10767513120869096,0.43255851605811907,0.009820774007118485,0.21535000393068743,0.007307623901442021,0.10767513120869096,0.6286865061082916,-0.012171704201007584,0.32460703287448023,0.03280261952822253
3,-0.0012889547901059025,-0.00010562570438844522,-6.395257278738899e-05,0.00013310518942974048,0.0034824188007036745,-4.4164406417775526e-07,-5.401553712169389e-05,2.802393288594395e-09,0.0009739745595526451,-8.018140107509624e-05,7.973518355385306e-05,0.0009570870365618237,0.0002137573949152692,0.00015947240729558882,8.896455947385603e-06,7.973518355385306e-05,5.8701599547525076e-05,-6.630147840264746e-06,3.108082179425559e-05,3.4418690778631393e-06
4,53.08376745028916,-0.6767336431322437,7.335333269063554,0.0034824188007036745,441.1979750847655,2.0273190404946257,5.963593675065106,-1.950920101789484e-05,5.930504717336108,8.129806297026716,3.1313141200270356,39.29766097783489,0.29405181062767727,6.262636802973755,-0.01916412302773174,3.1313141200270356,2.452636042014098,-0.10699763199844738,1.2308682876469377,0.25041607150723927
5,0.786071106392692,-0.0410708600101638,0.5372495870076477,-4.4164406417775526e-07,2.0273190404946257,0.15631000962421354,0.03147271394165516,-4.347469514183542e-06,-0.0023420282221314967,0.00661340246986306,0.01707199019928521,0.23002621134661214,0.002897641253375641,0.03414372408278661,0.0025846610110897244,0.01707199019928521,0.1765269191726215,-0.006133355913579731,0.09254313700988999,0.007667616082765609
6,2.211887141811139,-0.22195857848911146,0.20592373318948654,-5.401553712169389e-05,5.963593675065106,0.03147271394165516,1.0990253681117792,-1.3150661299399275e-05,-0.004064069474342037,1.3902215248052374,0.5554413468639289,-0.8020747195351111,0.009446769516829644,1.1108892720430659,-0.005412675799936783,0.5554413468639289,0.12530204858385646,0.02688293833544948,0.0648007174669519,0.07963206389921608
7,-6.630802850284326e-05,7.781503272894326e-07,-1.7585497343368557e-05,2.802393288594395e-09,-1.950920101789484e-05,-4.347469514183542e-06,-1.3150661299399275e-05,3.105749422013983e-06,4.276334939673767e-06,-1.6245499782268587e-05,4.190029368571651e-06,2.288081808697523e-05,1.3515709901120651e-06,8.380317456853893e-06,-3.6122499919247933e-08,4.190029368571651e-06,-5.696021976029943e-06,-1.0200927088846921e-07,-3.0014244485909257e-06,-1.3053866532900126e-06
8,0.33093747655603906,0.09819344441175411,-0.007722894550040632,0.0009739745595526451,5.930504717336108,-0.0023420282221314967,-0.004064069474342037,4.276334939673767e-06,0.7778009401069477,0.0034878996459714,0.04196273818303879,0.5914572245542888,0.08569017573469538,0.0839249903544987,9.900552431269831e-05,0.04196273818303879,0.0012673061696531554,-0.0002676717521222561,0.0013534834799285207,0.006557612860590758
9,2.9583433676636894,-0.3144136866327859,0.11209101186005142,-8.018140107509624e-05,8.129806297026716,0.00661340246986306,1.3902215248052374,-1.6245499782268587e-05,0.0034878996459714,2.0346952713974855,0.701970044612161,-1.086706155156502,0.01109670616230825,1.403948275772021,-0.008158293332456393,0.701970044612161,0.07737783289151716,0.010568207484405786,0.029751465902759615,0.09754672836793529
10,1.113019850078409,-0.10893528223310958,0.10767513120869096,7.973518355385306e-05,3.1313141200270356,0.01707199019928521,0.5554413468639289,4.190029368571651e-06,0.04196273818303879,0.701970044612161,0.28396510769614447,-0.3915804895300989,0.01074002514977934,0.5679335138692073,-0.002691157098944786,0.28396510769614447,0.06531554935421358,0.01364966047815693,0.03387325708872577,0.04101300457289854
11,-2.904244708816268,-0.3317383260299556,0.43255851605811907,0.0009570870365618237,39.29766097783489,0.23002621134661214,-0.8020747195351111,2.288081808697523e-05,0.5914572245542888,-1.086706155156502,-0.3915804895300989,8.040295434636352,0.019043469433956246,-0.7831683172865747,0.01314241292124499,-0.3915804895300989,0.195950367345928,-0.05151563830012844,0.09340038422169555,-0.08484482943856941
12,0.017758064336924145,0.0047701666406779145,0.009820774007118485,0.0002137573949152692,0.29405181062767727,0.002897641253375641,0.009446769516829644,1.3515709901120651e-06,0.08569017573469538,0.01109670616230825,0.01074002514977934,0.019043469433956246,0.01159742251851149,0.02148006596843258,3.199276649483975e-05,0.01074002514977934,0.005056491965667623,0.00026021241379127144,0.002789327767458146,0.002250450124286478
13,2.2260482790403078,-0.21787136402903082,0.21535000393068743,0.00015947240729558882,6.262636802973755,0.03414372408278661,1.1108892720430659,8.380317456853893e-06,0.0839249903544987,1.403948275772021,0.5679335138692073,-0.7831683172865747,0.02148006596843258,1.1358736251289918,-0.005382357196797985,0.5679335138692073,0.13063128411161637,0.027299549613082834,0.06774663259254732,0.08202643038523127
14,-0.019366402537909062,0.0013117264214443421,0.007307623901442021,8.896455947385603e-06,-0.01916412302773174,0.0025846610110897244,-0.005412675799936783,-3.6122499919247933e-08,9.900552431269831e-05,-0.008158293332456393,-0.002691157098944786,0.01314241292124499,3.199276649483975e-05,-0.005382357196797985,0.00034112020293451987,-0.002691157098944786,0.002877628236460634,-0.00010418477438115436,0.0016882108598895986,-0.0003865074752354646
15,1.113019850078409,-0.10893528223310958,0.10767513120869096,7.973518355385306e-05,3.1313141200270356,0.01707199019928521,0.5554413468639289,4.190029368571651e-06,0.04196273818303879,0.701970044612161,0.28396510769614447,-0.3915804895300989,0.01074002514977934,0.5679335138692073,-0.002691157098944786,0.28396510769614447,0.06531554935421358,0.01364966047815693,0.03387325708872577,0.04101300457289854
16,0.9353185457841732,-0.07128177824819389,0.6286865061082916,5.8701599547525076e-05,2.452636042014098,0.1765269191726215,0.12530204858385646,-5.696021976029943e-06,0.0012673061696531554,0.07737783289151716,0.06531554935421358,0.195950367345928,0.005056491965667623,0.13063128411161637,0.002877628236460634,0.06531554935421358,0.24735466121513416,0.003856000934989864,0.13107164760125672,0.014420232418899916
17,0.032333918678728826,0.005619566223807377,-0.012171704201007584,-6.630147840264746e-06,-0.10699763199844738,-0.006133355913579731,0.02688293833544948,-1.0200927088846921e-07,-0.0002676717521222561,0.010568207484405786,0.01364966047815693,-0.05151563830012844,0.00026021241379127144,0.027299549613082834,-0.00010418477438115436,0.01364966047815693,0.003856000934989864,0.0069977004360876486,0.005393226219361366,0.0020383981499415603
18,0.5002270113424635,-0.03320164037808915,0.32460703287448023,3.108082179425559e-05,1.2308682876469377,0.09254313700988999,0.0648007174669519,-3.0014244485909257e-06,0.0013534834799285207,0.029751465902759615,0.03387325708872577,0.09340038422169555,0.002789327767458146,0.06774663259254732,0.0016882108598895986,0.03387325708872577,0.13107164760125672,0.005393226219361366,0.07327067085538874,0.007647009647670378
19,0.1783403734572354,-0.014941512627002954,0.03280261952822253,3.4418690778631393e-06,0.25041607150723927,0.007667616082765609,0.07963206389921608,-1.3053866532900126e-06,0.006557612860590758,0.09754672836793529,0.04101300457289854,-0.08484482943856941,0.002250450124286478,0.08202643038523127,-0.0003865074752354646,0.04101300457289854,0.014420232418899916,0.0020383981499415603,0.007647009647670378,0.009619837420392236
